// Copyright (c) Venzio 2013 All Rights Reserved

define([
    'client/Mesh'
  ],
  function(Mesh) {
    return Mesh.extend({
      constructor: function() {
        this.base();

        this.time = 0;
        this.normalMatrix = mat4.create();
        mat4.identity(this.normalMatrix);
      },

      initialize: function() {
        Mesh.prototype.initialize.bind(this)();

        this.setUniform('NormalMatrix', this.normalMatrix);
        this.setUniform('BoneMatrices', this.getBoneMatrices());
      },

      update: function(tslf) {
        this.time += tslf * 24;
        this.setUniform('BoneMatrices', this.getBoneMatrices());
      },

      getBoneMatrices: function() {
        var anim_matrices = [[[0.837242527673,0.09589319246200001,-0.5383580571980001,0,-0.04972673578500001,0.9937765530749999,0.099679475855,0,0.5445665588449999,-0.056685803678,0.8368002891680001,0,6.642517446705,-13.043512636673995,-9.781207509858001,1],[0.827936774474,0.08458073726,-0.554406365513,0,-0.013923674585000004,0.99135743475,0.13045003006,0,0.560648668876,-0.100285565542,0.8219585581530001,0,1.1666071749579996,-13.854487691824005,-12.775927496628999,1],[0.824707114542,0.07800082806200001,-0.560155765259,0,0.010226627135000003,0.988225223005,0.152663289565,0,0.5654687692660001,-0.13163054178800002,0.814198561125,0,-2.835959024738,-13.981639943990004,-14.977879051547,1],[0.8248121507599999,0.07760480570600001,-0.5600559035029999,0,0.023452770665,0.9849877320299999,0.17102534013999998,0,0.5649213263520001,-0.15419774665,0.8106087087870001,0,-5.342567167024,-13.492005694029999,-16.946742507627,1],[0.825503412339,0.08294293727,-0.5582692817759999,0,0.02998592068,0.98129990302,0.19013323915500002,0,0.5636000884489999,-0.17369604978800002,0.807578859006,0,-6.795186676688999,-12.53841765815001,-19.188981071060002,1],[0.8259646257270001,0.090821637017,-0.556357180516,0,0.03495296052,0.9767867270249999,0.211344918445,0,0.562637734227,-0.19400912578300003,0.803616059074,0,-7.808800675552999,-11.356255288119002,-21.825400334952,1],[0.8285905124149999,0.096503555671,-0.551475496779,0,0.03812595025,0.973019202295,0.22755399206,0,0.5585559222550001,-0.209574335271,0.802554731347,0,-8.484205040425,-10.352365225165002,-24.031449409887,1],[0.8329656944039999,0.09796799556399999,-0.5445834143520001,0,0.03848718653,0.971559609745,0.23364715527500002,0,0.551985434482,-0.215579908608,0.805504773472,0,-8.769796038328,-9.771722169795993,-25.238506306248002,1],[0.838169187564,0.095353320985,-0.537009738879,0,0.03678161644,0.97247503787,0.23008512496,0,0.54416943329,-0.212602251385,0.8115912706190002,0,-8.768925267104,-9.61333611469901,-25.494079127723,1],[0.8438309900520001,0.089936436579,-0.529019899444,0,0.033947701825,0.974933455425,0.21989270766,0,0.535535554712,-0.203510224143,0.8196248999300001,0,-8.607065270604,-9.754624531497015,-25.109134032256,1],[0.850123796987,0.08348549279699999,-0.519924261992,0,0.030965683709999997,0.9777184184400001,0.207625056835,0,0.525672915767,-0.192607145409,0.828595478892,0,-8.420961366981,-10.026386085279,-24.541897079880002,1],[0.85695073163,0.076616076774,-0.509671957195,0,0.029271464249999997,0.9800585102,0.19654359025,0,0.514567040798,-0.183347070176,0.837618652825,0,-8.399536865074,-10.342781358798007,-24.097124061195004,1],[0.863579711385,0.068856581532,-0.49948863006899996,0,0.03120807306,0.981433034265,0.189250193965,0,0.503246061609,-0.17902019608199998,0.845396314475,0,-8.827925552079002,-10.627379207679994,-24.017116143637,1],[0.869760525856,0.06002212576399999,-0.48981026450699994,0,0.037235144865,0.9817629895500001,0.18642542234999998,0,0.49206818416599996,-0.18038415293800003,0.8516632888110001,0,-9.79985102826,-10.825989671552009,-24.341040525615,1],[0.875277186885,0.050459844176,-0.480982646133,0,0.04596083681,0.9813614348,0.18659405769,0,0.481433172625,-0.18542731086600003,0.8566434727590001,0,-11.202457508747,-10.935483705436013,-24.894005233973,1],[0.8798559982559998,0.041079635305,-0.4734612133199999,0,0.05468334828,0.980888534315,0.186725579465,0,0.47208448176600004,-0.190181717383,0.86079493876,0,-12.765676370348,-11.011529301879008,-25.355409377648,1],[0.8828758557099999,0.03276672871,-0.468461898561,0,0.06193036035,0.9807263115550001,0.18531284531,0,0.465505333732,-0.19262015811000002,0.863829790909,0,-14.313505832446,-11.13672964610602,-25.599701985205,1],[0.8838605573399999,0.025339099803000004,-0.46706419080999995,0,0.069925087075,0.980153324025,0.18549910872499997,0,0.46249510228400004,-0.19661440517099998,0.8645467501620001,0,-16.026554067132,-11.274630719129007,-25.972141182506,1],[0.881475807028,0.019095718492000004,-0.471843954531,0,0.08003579604,0.978685835565,0.18912434589,0,0.4653992792319999,-0.20447284908799998,0.8611586753850001,0,-18.010953387556,-11.367731819092,-26.640477490899002,1],[0.8746943880510001,0.015107926617000002,-0.484438804357,0,0.091199144045,0.976529953735,0.19512170067,0,0.4760167341910001,-0.214851984259,0.8527872500929999,0,-20.131327423461002,-11.419949647983003,-27.475024409505,1],[0.8631758163209999,0.014865887835999993,-0.504684295611,0,0.0999975002,0.97473326993,0.19973977015,0,0.49490183110300007,-0.22287783647800002,0.839879483267,0,-22.015513689683,-11.519747873935998,-28.085864277086998,1],[0.8487818365330001,0.019194756564,-0.528394923729,0,0.101865101755,0.97468351968,0.19903678881999998,0,0.5188380529590001,-0.22276345287600002,0.825337956839,0,-23.160824654095002,-11.797641401164,-28.116494000825,1],[0.83480980335,0.025833338338999996,-0.5499321738020001,0,0.09916292206999999,0.975505323765,0.19635745861,0,0.5415346874800001,-0.218454620821,0.8117996827799999,0,-23.758841452894,-12.127200355341003,-27.954824605094004,1],[0.8228028628399999,0.033371402551,-0.5673463024759999,0,0.095804611355,0.97584361385,0.19634124600000002,0,0.560194212456,-0.215904966121,0.7997297034340001,0,-24.185656216704,-12.311794106480988,-28.076337150088,1],[0.813465805307,0.040568050369,-0.5801967441789999,0,0.09441221649,0.975123272955,0.200551680055,0,0.573899454449,-0.217919517167,0.7893989207590001,0,-24.709149726312997,-12.267186312671,-28.631612976727,1],[0.8067852772619999,0.045997644974,-0.5890518871499999,0,0.095493999885,0.973706680485,0.20682583914500002,0,0.583077468438,-0.22311422627800004,0.78117930049,0,-25.399382325274004,-12.039116184354,-29.381792717814,1],[0.8029128823009999,0.04878396139,-0.5940964161589999,0,0.096531535655,0.97284964192,0.21034500994500002,0,0.588228709749,-0.22623705486000004,0.7764039006550001,0,-26.003370419187,-11.74983254425402,-29.777231639323002,1],[0.7993521360999999,0.04964819267799999,-0.5988088002549999,0,0.09693670961999999,0.9728709097199999,0.210062229935,0,0.592992510298,-0.22595959607,0.7728526042170001,0,-26.435689278968,-11.416171060306027,-29.703990700303002,1],[0.7935813804869999,0.05130370476499999,-0.606296829971,0,0.09535227110500001,0.9736422466,0.20719437876000002,0,0.600946224209,-0.222236872133,0.767771922247,0,-26.533755580541005,-11.020686620470997,-29.341815035679,1],[0.785255111236,0.055733356136,-0.616659656425,0,0.090102541845,0.9750530270600001,0.20286094038000002,0,0.6125828199460001,-0.21486023892,0.760642990007,0,-26.117666253376,-10.569276261656,-28.871667766497,1],[0.7767536262539999,0.063342260601,-0.6266115500420001,0,0.07973893323,0.977031837445,0.19761012164,0,0.62473772445,-0.20345929518100003,0.7538618456840002,0,-25.050245569882,-10.092709918235002,-28.404026795542,1],[0.7739560598940001,0.071157124608,-0.629229050467,0,0.065487017255,0.97934450351,0.19129863929500002,0,0.629844863986,-0.18926347001600002,0.7533091187770001,0,-23.49471483265,-9.615913251056,-27.899428773947,1],[0.7789975750469998,0.076150802682,-0.622386463383,0,0.051689228155,0.98142074648,0.18477412979500002,0,0.6248936122550001,-0.17610888454399998,0.7605874678069999,0,-21.942172265049,-9.107598979602017,-27.380560716083004,1],[0.7895663349419999,0.07778364405999999,-0.60871629377,0,0.04027757297,0.9832264873700001,0.177883201535,0,0.61234344751,-0.164968929424,0.7731892676780001,0,-20.601026060562,-8.596457081052023,-26.827372064066,1],[0.802211332772,0.076645827692,-0.5921005030879999,0,0.031251552530000004,0.98497529076,0.169843820415,0,0.596223189714,-0.15475465523200002,0.7877623870420002,0,-19.462143898456,-8.140130721084006,-26.178573792732003,1],[0.813772766288,0.074184443564,-0.5764285781049999,0,0.023117457240000003,0.986903242005,0.15964745551,0,0.5807235573380001,-0.143242531306,0.8014001836870001,0,-18.353201519124,-7.7970984112640025,-25.357881708353,1],[0.8240740483129999,0.07133448317100001,-0.5619732315829999,0,0.015271804355,0.9888815888650001,0.14791965500999998,0,0.5662772055449999,-0.13047841441900002,0.8138220275950001,0,-17.219191714662998,-7.567392670464997,-24.419922704955,1],[0.8338280053989999,0.06814649696699998,-0.5478021361940001,0,0.009303664420000003,0.990475211805,0.1373744497,0,0.5519464634309998,-0.119643349377,0.825251829132,0,-16.278496417792997,-7.347514517673005,-23.56552522979,1],[0.842437870626,0.06387651896799999,-0.5349942277570001,0,0.006366865675,0.991697574565,0.12843151891,0,0.538756073192,-0.111601566588,0.8350365970210001,0,-15.67844838477,-7.118883520936009,-22.799518331577,1],[0.849415134827,0.057978052068000004,-0.5245297637230001,0,0.006378801594999999,0.992746266555,0.12006143764999999,0,0.5276871645729999,-0.10532802029400001,0.842883809091,0,-15.413857410201,-6.911381748975998,-22.010270016111,1],[0.8547450340839999,0.050554898434,-0.516580278721,0,0.007928907794999997,0.993857028,0.110382458705,0,0.5189886067839999,-0.09844422225800001,0.8490933117809999,0,-15.320232046252002,-6.7798163442620165,-21.028160817565,1],[0.85990693954,0.043291531053,-0.5086122177069999,0,0.008553726814999999,0.9950353572,0.0991558864,0,0.5103802468040001,-0.089614860663,0.855266851279,0,-15.12041704762,-6.7313652223230065,-19.863368387639,1],[0.866399741686,0.037305178979,-0.4979561295560001,0,0.007938440275,0.99605023198,0.08843312289500001,0,0.4992893696879999,-0.080571412403,0.8626810560679999,0,-14.770062179238002,-6.721075183512994,-18.759440246044,1],[0.874376958791,0.032247305594,-0.48417525350299995,0,0.0074421751700000024,0.996780523175,0.07982664986,0,0.485191595085,-0.073401224376,0.871322331755,0,-14.397057239133002,-6.727099884698006,-17.901870644075,1],[0.883256244514,0.027537384610999995,-0.46808057506799994,0,0.008232498879999998,0.9972091494900001,0.07420084524000001,0,0.468818345766,-0.06939180870100001,0.880565014986,0,-14.11758357807,-6.744602549989011,-17.382776150264,1],[0.892013324221,0.022913013285,-0.4514280904049999,0,0.010614289789999998,0.99737716591,0.071597126545,0,0.451885842869,-0.06865730709100001,0.889430289839,0,-13.972907493099001,-6.775792488099,-17.190858789101,1],[0.899660363174,0.020276207634,-0.43611943252100005,0,0.01219220995,0.997364360205,0.07152120639000001,0,0.43642019112999997,-0.069662725062,0.897042336277,0,-13.767067389186002,-6.799335539446005,-17.230819567805,1],[0.9056712132799999,0.020898537204999998,-0.42346651410799996,0,0.011069148355000002,0.9972785831600001,0.07289092724000001,0,0.42383808475600016,-0.07070343714100001,0.9029748182420001,0,-13.365211116864002,-6.796641776879014,-17.349573915592,1],[0.909921372468,0.022311227418999997,-0.414179907285,0,0.009443753245,0.9971791954750001,0.074463440945,0,0.41467288121000007,-0.07166652196500001,0.9071440398789999,0,-12.998271037136,-6.808492145061024,-17.423724615981,1],[0.912782010825,0.021607648151000004,-0.40787605057099996,0,0.010046169130000001,0.997110095775,0.07530608500000001,0,0.40832454637700005,-0.07283592802899999,0.909926042679,0,-12.916769905007,-6.877677513457016,-17.371338026343,1],[0.91509723957,0.016651634176,-0.402890492587,0,0.0148456605,0.99707779563,0.07492949574,0,0.40296113766,-0.074549037038,0.9121756837310002,0,-13.266447956610001,-7.024801531556022,-17.153146003263,1],[0.9183772151430001,0.009451891963,-0.39559377997,0,0.021337679970000002,0.9970770300099999,0.073358030695,0,0.39513159557699995,-0.075811654029,0.91549121398,0,-13.731326551796998,-7.184362257277002,-16.744845891414002,1],[0.924106641892,0.002296734198000001,-0.382126928269,0,0.026743183465,0.997141304225,0.070667802365,0,0.381197183388,-0.07552443996800001,0.921403654161,0,-13.984346456819999,-7.300416220518002,-16.113851989145,1],[0.933134388435,-0.005350621635999999,-0.35948831300399997,0,0.031617165455,0.997236452115,0.067228287365,0,0.35813556598300006,-0.074099151478,0.930724651576,0,-14.053296895125,-7.4014395586000035,-15.2905981631,1],[0.9455961093189998,-0.013363068980999999,-0.32506932246799997,0,0.03591162874,0.997337612305,0.06346284678,0,0.32335643677500003,-0.071684260165,0.943558020364,0,-13.906966522289,-7.527160905237025,-14.325766176196002,1],[0.9608136490939999,-0.020359997934,-0.276445934667,0,0.03822962038,0.99750162406,0.059404059675,0,0.274546762984,-0.067644880234,0.959191485057,0,-13.373773985054001,-7.718251562054007,-13.237344015523,1],[0.977403765348,-0.023117006816999998,-0.21011263769599997,0,0.03487057252,0.998016693095,0.05240825332,0,0.20848518964399995,-0.05855122868900001,0.9762710107920002,0,-12.016768477068,-8.013570199889003,-11.747146313296001,1],[0.9922016630639999,-0.020209239902999998,-0.12299641291400001,0,0.02519367393,0.99891784299,0.039101103275,0,0.122072863374,-0.041894403531,0.991636213154,0,-9.765840247764,-8.38001911558301,-9.515093608706,1],[0.9997841279389998,-0.014343040567999999,-0.015064363159999988,0,0.014653610759999998,0.99967904888,0.020646205790000004,0,0.014764207960999996,-0.020862746686,0.9996736695680001,0,-7.1979361082410005,-8.905132315516013,-6.703055886711999,1],[0.9940522025869999,-0.00781040972,0.108626781918,0,0.007656260179999999,0.9999689332849999,0.001837970655,0,-0.108636803775,-0.000995779605999999,0.99408096816,0,-4.810474363449,-9.68159681688401,-3.824140419038,1],[0.971387336475,-0.0034518066989999993,0.237474023852,0,0.005985499534999999,0.9999321002949999,-0.009946623355,0,-0.23742314851700003,0.011083360277000007,0.9713431395420001,0,-2.8526069414609996,-10.785603117739,-1.6287624196479995,1],[0.935056786664,-0.003483128078,0.35448296709300003,0,0.007061499759999998,0.9999361069200001,-0.008801555830000002,0,-0.35442840476600007,0.010733490387999998,0.935021744605,0,-1.11511993462,-12.154221716466012,-0.757401430130999,1],[0.896489231024,-0.013929614921,0.44284711640499996,0,0.01412543791,0.9998957078599999,0.002857476579999997,0,-0.44284041941,0.0036940311529999985,0.896592823971,0,0.08455964437200025,-13.71937574803701,-0.7966162892789996,1],[0.867549641251,-0.033104512211,0.496247980995,0,0.027772828774999994,0.99944970273,0.018121113110000003,0,-0.496574966977,-0.0019394479669999978,0.8679917287390001,0,0.5864541827469996,-15.220634518130993,-1.2767897592689996,1],[0.8538398709549998,-0.054912290945000004,0.5176305846319998,0,0.04411286206000001,0.9984765210100001,0.033157631024999995,0,-0.5186619475530001,-0.0054770140530000025,0.85496174357,0,0.650324105867,-16.38856719347301,-1.9963556657479997,1],[0.8530372275949999,-0.072737509757,0.516756637549,0,0.0554526092,0.99726638279,0.048834236275,0,-0.5188954693530001,-0.013002325591,0.8547388327050001,0,0.9211638030990006,-17.00872509353701,-3.122653635451,1],[0.857167366082,-0.083794733124,0.5081766536210001,0,0.054324239334999996,0.9958822015250001,0.07258372785,0,-0.512164691468,-0.03460944215,0.8581895884309999,0,2.104214263493999,-16.954626306424004,-5.4525064104070005,1],[0.863636833053,-0.09201657534999999,0.49564481247699993,0,0.046859009185,0.9935967633300001,0.10281190581500001,0,-0.5019308249290001,-0.065566199788,0.8624188464110001,0,3.6456126681530003,-16.330951027002016,-8.739582006159,1],[0.872178714614,-0.098850194096,0.479095646689,0,0.040173719430000004,0.99053586253,0.13123952959,0,-0.487534903678,-0.09521665104000002,0.867896017695,0,4.903138837981999,-15.39084681667201,-12.008590112099,1],[0.881673633544,-0.104360599086,0.46017559019400006,0,0.037726798895,0.98770448529,0.15171390654,0,-0.47034916709200003,-0.116400928308,0.874770209892,0,5.591079578535998,-14.441324015570004,-14.52222049349,1],[0.890245908544,-0.107830584763,0.44253136544300004,0,0.038706787390000004,0.985968751845,0.16238190040000003,0,-0.45383132855400005,-0.127431951409,0.881928356305,0,5.835810138548,-13.706160723854993,-16.021927847937,1],[0.896328794814,-0.11020211484299999,0.4294766253169999,0,0.04037624748,0.984882668175,0.168452174835,0,-0.44154701846399996,-0.133648744347,0.8872286307049999,0,5.940418289849999,-13.190806191386997,-17.021659585075,1],[0.9006932474730001,-0.112576822455,0.419618021191,0,0.042445886880000006,0.9840260012850001,0.1728917472,0,-0.43237747310700003,-0.137911625805,0.891083778097,0,5.955262265712999,-12.843181797867004,-17.797890375925,1],[0.903883290939,-0.113856743105,0.41234947827800006,0,0.04380121503,0.98349574125,0.17554686713500003,0,-0.42552998291700006,-0.140612581397,0.8939527233160001,0,6.025931439058999,-12.654574583648994,-18.322045712622,1],[0.9060047125999999,-0.11271640433800001,0.40798307624999997,0,0.043040010340000004,0.983427417175,0.17612045207000002,0,-0.4210733321899999,-0.14200619252,0.8958414828819999,0,6.335612113172,-12.620679033278009,-18.57278901759,1],[0.906773572184,-0.10823476432200001,0.40748957377299994,0,0.038872887009999996,0.9838329617599999,0.174817139005,0,-0.41982233458400003,-0.142679764178,0.896321236161,0,7.059919492264,-12.730108780210003,-18.600365047851,1],[0.9062325789000001,-0.101523777621,0.41041011916299996,0,0.031867849075,0.9843813318450001,0.173141041205,0,-0.42157728706,-0.143827507971,0.895313574521,0,8.176029304939998,-12.954280588777024,-18.598174916881,1],[0.904783037979,-0.094418088645,0.415274156091,0,0.023968094585,0.98485782837,0.17169924238,0,-0.42519775039700003,-0.14539692717900002,0.893345525141,0,9.484247032843,-13.252064785617009,-18.610111355233002,1],[0.902383247268,-0.08733972863799998,0.42198961198499996,0,0.015956128355,0.9853462438699999,0.16981808985500002,0,-0.430637680736,-0.14650763943599998,0.890553955357,0,10.88786070178,-13.603709721713997,-18.520143300807,1],[0.8986690560519999,-0.080551368319,0.43116733683999997,0,0.008408786429999997,0.9859761952950001,0.16667541903000002,0,-0.43854630581000004,-0.146160508957,0.88674361072,0,12.306663980896001,-13.998460624627,-18.205545691736,1],[0.8931036973049999,-0.074462660655,0.443646408209,0,0.0019286675899999987,0.98682983213,0.16175119265500001,0,-0.449847156017,-0.14360498818700002,0.881485144447,0,13.658142969573,-14.427924368815013,-17.596157334043,1],[0.885862218679,-0.070605967653,0.45854486887699997,0,-0.0020782945549999987,0.9877385091800001,0.15610549361999998,0,-0.463944237333,-0.139240746617,0.8748528821510001,0,14.785719335279,-14.868137089973004,-16.835255342175,1],[0.8779133913989999,-0.06998084998600002,0.473677843314,0,-0.003110754825000001,0.98840713105,0.15179209314,0,-0.478808879259,-0.134734440908,0.8675181722399999,0,15.650944115690997,-15.228171440541999,-16.155630441194,1],[0.8696972305759999,-0.07209879291899998,0.48829127975500003,0,-0.0017183830350000033,0.9888257954,0.149067598005,0,-0.49358194548400003,-0.130483543253,0.8598552708009999,0,16.31373428464,-15.406102613075007,-15.569197816529002,1],[0.862831742479,-0.076391837233,0.49968618756899996,0,0.002380085320000001,0.9891183676,0.14710501828,0,-0.5054860058970001,-0.125738140139,0.8536243356709999,0,16.720219234151,-15.338168638021017,-14.996626869235,1],[0.859655932306,-0.082347906111,0.5041935174559999,0,0.010047568935,0.9894580860650001,0.144472076705,0,-0.5107755534620001,-0.119130062081,0.851420784528,0,16.72466370793,-15.01509924937099,-14.333236080184001,1],[0.858318455201,-0.088609952501,0.505409066378,0,0.01905922619,0.9898019314600001,0.14116740185999999,0,-0.512762704917,-0.111534107769,0.8512542826160001,0,16.457841273829,-14.518840777381001,-13.709421099442,1],[0.857518287884,-0.09507708958399999,0.505591913572,0,0.02877890242,0.9901005830749999,0.13737686512500003,0,-0.51364674164,-0.103253294182,0.851765943688,0,15.923509823699998,-13.954859246507993,-13.225988204492001,1],[0.857241469613,-0.102083062358,0.504694055678,0,0.03937923934000001,0.9902772400600001,0.133414656005,0,-0.513406101395,-0.09449392210200001,0.85292736678,0,15.131896288964999,-13.381632259334012,-12.910185050758,1],[0.857571682393,-0.109854732122,0.5024970078559999,0,0.05097439639999999,0.9902690922249999,0.12949673659,0,-0.511833125893,-0.085437999474,0.854826191572,0,14.123602407516998,-12.867982634850009,-12.729652286568,1],[0.8585046517880001,-0.118335180579,0.498965388518,0,0.0634199693,0.99004154201,0.125679969975,0,-0.5088689838060001,-0.076252966757,0.8574602430320001,0,12.970621444656,-12.47310571773501,-12.606919074998,1],[0.8600467275039999,-0.12692876091299998,0.494175942818,0,0.07608781401,0.98963798505,0.121767439615,0,-0.50451040424,-0.06712517751899999,0.860792439604,0,11.763592660672,-12.072860175501006,-12.478544631962,1],[0.8623021006210001,-0.13521752601099998,0.48800719672,0,0.088520585075,0.9891020767450001,0.117648243705,0,-0.498596712577,-0.058249689119,0.864875067502,0,10.539839473656999,-11.697841447843004,-12.341522688452,1],[0.865267750592,-0.143262375236,0.48040425631800004,0,0.100676125105,0.98843112121,0.11343351168999999,0,-0.491097255422,-0.04978630773,0.8696811841219999,0,9.287302338852001,-11.338831026088002,-12.185917173466,1],[0.8689652921229999,-0.151052691498,0.47125553741799997,0,0.112455922135,0.98763738803,0.10920795305,0,-0.481924888077,-0.041903291294,0.875210270264,0,8.000259691386997,-10.99037825984199,-12.000805808674,1],[0.873456211758,-0.15842616574399998,0.46040872426999996,0,0.12363588147500001,0.98675827894,0.1049885609,0,-0.470944536578,-0.034779477336,0.881476787862,0,6.691000788421999,-10.655680242303987,-11.776681508786,1],[0.878723230682,-0.16514290658100003,0.44785403602299995,0,0.13392377992499999,0.9858563526099999,0.10075934906,0,-0.45815820919600003,-0.028560823086999997,0.8884117892690001,0,5.3973227033899995,-10.343777249176995,-11.516406657581001,1],[0.8848594198209999,-0.17091000892,0.4333747906169999,0,0.14297513723000002,0.985007511245,0.09653311308000001,0,-0.44337520156300003,-0.023457172361999998,0.896029136799,0,4.168226764868997,-10.063412996108,-11.261084967051001,1],[0.891828239868,-0.175574425241,0.41691243243,0,0.15060454091,0.9842713964250001,0.092345305075,0,-0.426568530566,-0.019567678229,0.9042440991560001,0,2.9959246826240005,-9.82036454108902,-11.013227520598,1],[0.8996261549029999,-0.17893032411300003,0.39831696089499996,0,0.15658021619,0.9837137932450001,0.08825370970999999,0,-0.407620646445,-0.017027005932999998,0.912992343035,0,1.8685688685350001,-9.62142843903301,-10.742643214497,1],[0.90824901112,-0.180833977717,0.377337691755,0,0.160757142865,0.983384233515,0.08433436045500001,0,-0.38631790957800005,-0.015937125595000004,0.9222279409710001,0,0.7797751074359986,-9.473091945225008,-10.400424405829,1],[0.9174185916509999,-0.18208779534599998,0.353817417565,0,0.16404142673,0.9831529966200001,0.080623513505,0,-0.362536298129,-0.015925073754000003,0.9318336013130001,0,-0.27519402473300403,-9.368612182098005,-9.980309114395,1],[0.926952548009,-0.182723468319,0.327674544475,0,0.16653807483,0.98301989715,0.07705121556,0,-0.336188545093,-0.016853036685,0.941643420481,0,-1.1378601924830036,-9.314067074539011,-9.575593569945001,1],[0.9365911346999999,-0.18252417348499997,0.299136116774,0,0.16807835203000002,0.9830253916300001,0.07356294508000001,0,-0.30748457859399997,-0.018620814453,0.951370295302,0,-1.7480391565039994,-9.316745118277012,-9.229071936778,1],[0.946132772482,-0.18114620277399998,0.26836229189,0,0.16835862744000002,0.9832282175149999,0.070123998025,0,-0.27656380142,-0.021166312553999995,0.9607622710360001,0,-2.1111007056660025,-9.385715880309988,-8.927437359818,1],[0.9554178619239999,-0.17819003211699996,0.23542492763,0,0.16702191071000003,0.98369213869,0.06672834193499999,0,-0.2434757305,-0.024432052727000005,0.969599363474,0,-2.283854943068002,-9.53078610224901,-8.608918297154,1],[0.964203930921,-0.173329065569,0.20067060547199997,0,0.16377332956,0.9844581486550001,0.063409102955,0,-0.20854096484500004,-0.028274341899,0.977604356332,0,-2.3047772911710016,-9.760122813453009,-8.21141521368,1],[0.972267824064,-0.166813450419,0.163916442784,0,0.15889069980999998,0.985446824125,0.06040251686,0,-0.17160683170000002,-0.032682442675,0.9846235856300001,0,-2.185283656648,-10.046988034338995,-7.7810097684279995,1],[0.979276502262,-0.159212225877,0.12517975741299997,0,0.15299334720500002,0.9865312091949999,0.0578776795,0,-0.132708622532,-0.037526514433,0.990444446841,0,-1.9750016907180008,-10.380722517357015,-7.350655349515001,1],[0.984946914495,-0.15081264413099998,0.08447493362,0,0.14643013407,0.98763941105,0.055914665860000004,0,-0.091863720231,-0.042702929975,0.994855159204,0,-1.7001495710210008,-10.737204094771002,-6.915774254764001,1],[0.9890446945460001,-0.141566553151,0.04184080839900001,0,0.139221055975,0.988760305645,0.054501389,0,-0.04908487884800001,-0.048079387955,0.9976371418690001,0,-1.3625608874900017,-11.08138520973499,-6.437495792693,1],[0.991308105578,-0.13154293419799998,-0.0023784797070000026,0,0.13148030263500002,0.9898688810849999,0.053590260295000004,0,-0.004694465625999986,-0.053437308914000003,0.998559956297,0,-0.9965696724060003,-11.409028755478005,-5.888079668547,1],[0.991552489235,-0.12049082081099999,-0.048021860996000025,0,0.12299586077,0.9909839938350001,0.05313728746,0,0.041186955350999976,-0.058594788110999996,0.9974321365620001,0,-0.6598463105570005,-11.710594191875018,-5.338366522464,1],[0.98953741957,-0.10882164202399999,-0.09473371369799999,0,0.114175288835,0.992043590075,0.053038754935,0,0.08820844031000001,-0.06330058978,0.9940890613219999,0,-0.4427591682219987,-11.947997971143991,-4.868528999426,1],[0.985103480636,-0.09667544737499999,-0.14221787081800003,0,0.10513217165,0.9930352542750001,0.053183889415000005,0,0.136086853068,-0.067343593203,0.9884053178620001,0,-0.35018240942800105,-12.114741172711007,-4.535690482522,1],[0.9781292280679998,-0.083485419038,-0.19050797028600003,0,0.0952750014,0.994008542125,0.053570108835000005,0,0.18489526032800002,-0.07054863854400001,0.98022244221,0,-0.2684743213160008,-12.245648240866004,-4.372648879158,1],[0.9682066505069999,-0.066258869003,-0.24121824642200002,0,0.08176292733500001,0.99514285295,0.054829636345,0,0.236414564917,-0.072809454139,0.968920829118,0,0.11310798283899892,-12.43411321341101,-4.42263901983,1],[0.953987196622,-0.04152752283099999,-0.296956857419,0,0.06156267900500001,0.996391617025,0.05843418688,0,0.2934593279719999,-0.074026806089,0.953100978735,0,1.0863319776899996,-12.665559015419007,-4.8159724360550005,1],[0.9345662280629999,-0.010756040474999997,-0.355626690325,0,0.03615639226,0.997239240705,0.064855786815,0,0.35394790309699997,-0.07347024248100001,0.932374707185,0,2.4757865606749996,-12.901266021263012,-5.573931015872999,1],[0.909270970048,0.023296705981,-0.415551796093,0,0.00825355142,0.9972267208050001,0.073966804665,0,0.41612376843800003,-0.070686002885,0.9065570654630001,0,4.010593070340001,-13.076594738655018,-6.673566507845,1],[0.8797065201479999,0.056922897801999994,-0.47209772929899996,0,-0.018985415310000003,0.99622228242,0.08474010848,0,0.47513815251599995,-0.065582872514,0.8774632324470002,0,5.3593776756519995,-13.13061039819,-7.9876258588310005,1],[0.868813667214,0.083708838762,-0.488012172899,0,-0.043534514065,0.994702952565,0.093117197815,0,0.4932219093460001,-0.059656010718,0.867855774069,0,5.794011939294,-13.095969216381988,-8.814869711699002,1],[0.8660645324749999,0.093712345837,-0.49107093962500004,0,-0.05303081603,0.993953074725,0.096152605155,0,0.497112693667,-0.057232747199,0.865796350841,0,5.917253514275,-13.057743189771017,-8.991847433709,1]],[[0.8290104511895158,0.14082488947296504,-0.5412108288759152,0,-0.013111117532085478,0.9724032452992328,0.23294039530864824,0,0.5590792337819341,-0.18601466188018256,0.807978696652394,0,2.5229826350695923,-10.964996186317876,-24.99443570599632,1],[0.8199850223723422,0.148328227846436,-0.5528324498667125,0,0.010917117301260095,0.9616113279375121,0.274199468258153,0,0.572281037647393,-0.230875017993251,0.7868866552840368,0,-1.6232077074460334,-10.829753936346847,-29.197538815949038,1],[0.8190315628731742,0.15352787988346814,-0.5528262579117488,0,0.02705444787719533,0.9521286784358635,0.30450047847185263,0,0.5731110482052004,-0.26435088355976993,0.7756697460034475,0,-4.726463383324907,-10.242189019605036,-32.32781558524335,1],[0.8225376938178188,0.15730113999231482,-0.5465234727913354,0,0.03616497861291505,0.9445754249292952,0.3262990615217357,0,0.5675603417174532,-0.2881565563650599,0.7712594894151247,0,-6.779236690454102,-9.26597964403254,-34.68968174782722,1],[0.8268969370677387,0.1611028377128373,-0.5387824964585247,0,0.0415885767289472,0.9379436217838326,0.3442861703000195,0,0.5608131279336578,-0.30709653695392775,0.7688815709339364,0,-8.12061487115655,-7.976391848547934,-36.80332514810326,1],[0.830563282612041,0.16503662410197203,-0.5319077245386777,0,0.0469259274447711,0.9309491323301398,0.3621241402361807,0,0.5549428766970976,-0.3257266986311602,0.7654671287752484,0,-9.189656941056692,-6.507590616799561,-39.0554533665883,1],[0.8352233039678243,0.16740725553171742,-0.5238103158607681,0,0.05071817563451258,0.9250257557666778,0.37650568052524397,0,0.5475671967037111,-0.3410321325315461,0.7641126086671417,0,-9.944361452594359,-5.25788242291604,-41.05495060361838,1],[0.8406380901082775,0.16752517354297883,-0.515037829752588,0,0.051034423463942984,0.9222265848462687,0.38326924090467873,0,0.5391885836442799,-0.3484752511845976,0.7667081315401232,0,-10.229756224062946,-4.528825009241743,-42.33924510880183,1],[0.8460826927783786,0.1653296169059296,-0.506763111187897,0,0.04845900945099802,0.9228926574126886,0.3819971099758123,0,0.5308437985767102,-0.34775779571053006,0.7728319056478883,0,-10.131516912469722,-4.348191027414657,-42.854869292055575,1],[0.8513104023844456,0.16124489376738696,-0.4992709081549913,0,0.04429893015945027,0.9261154772996751,0.37463263065477576,0,0.5227893878297146,-0.3410450213887025,0.7812676297583395,0,-9.817442759995709,-4.582766587607736,-42.79002209536454,1],[0.8565663612690335,0.15597351570818138,-0.49190170244968,0,0.04018061697346682,0.9301754641097616,0.3649113773739141,0,0.514471072854465,-0.3323362037437222,0.7904888323469585,0,-9.498065313395172,-5.005307782930444,-42.5112158404993,1],[0.8619224155008357,0.15026299248358238,-0.48426336591937014,0,0.03727857689688892,0.9337137463322908,0.3560769874519403,0,0.5056679408243404,-0.32496378753661825,0.7991859904614147,0,-9.333182125875222,-5.462934307481703,-42.32234936569592,1],[0.8672070964014592,0.1438888400542858,-0.4767046216365756,0,0.03727434666788304,0.9358963546198161,0.35029884847657006,0,0.49655074055870674,-0.32154980940114364,0.8062528465405971,0,-9.53512649614699,-5.841864416998206,-42.41615234652934,1],[0.8724650721356402,0.13611069403406226,-0.4693376390540451,0,0.0410525520231274,0.9366177454065082,0.3479398867270736,0,0.48694923796890544,-0.3228324056450476,0.8115788007537752,0,-10.24732985920755,-6.0847989180297475,-42.79532562256833,1],[0.8774804446671883,0.12688068138159933,-0.46252496402332255,0,0.04794479135386298,0.936335643084953,0.3478178486010344,0,0.47720978167320394,-0.3273785297255295,0.8155325080823016,0,-11.439251193575512,-6.206557420001843,-43.3178652167147,1],[0.8817320698143937,0.11709012984589451,-0.4569885686814641,0,0.055936995977305795,0.9359241817662555,0.347731569065632,0,0.4684232037415432,-0.3321673900975352,0.8186855361921634,0,-12.91799019226092,-6.289642566780358,-43.75704873902027,1],[0.8844273866421065,0.10837968834792445,-0.45391867827952576,0,0.06328335486635789,0.9358229363582311,0.3467441757017203,0,0.4623673491425246,-0.33539472010665444,0.8208083562498769,0,-14.475679792165632,-6.423848095914295,-44.05194515544148,1],[0.8852522549862263,0.10109580171548713,-0.45399077761412004,0,0.07120874787294157,0.9351255193963676,0.3470892624549689,0,0.45962711491069236,-0.3395896311366655,0.8206229953430049,0,-16.18011832715182,-6.548163484052111,-44.44472486039653,1],[0.8829940614634584,0.09569664537138707,-0.4595264233882936,0,0.08096603739515844,0.9332694887645917,0.3499318589998578,0,0.46234915436814983,-0.3461929936550416,0.8163226760471907,0,-18.124870643989723,-6.593840893733173,-45.02654658192867,1],[0.8765767221700795,0.09368840340541455,-0.47205513159678997,0,0.0914878944005143,0.9305436791662135,0.35457061993923567,0,0.4724854012021541,-0.3539940974988024,0.8071209838842335,0,-20.173694687958218,-6.5745817120176895,-45.709002839995364,1],[0.8654584924962113,0.09734422445414835,-0.49143161288660947,0,0.09927107836841234,0.9281678858389187,0.3586801475978526,0,0.49104599373753605,-0.35920682496785106,0.7936270318063813,0,-21.943470239079943,-6.601377483794366,-46.26371368038626,1],[0.8512000217307873,0.10883265290597939,-0.5134331957579525,0,0.09870898209597279,0.9276108546490761,0.3602713817973787,0,0.5154752007869333,-0.35734284180910875,0.77883895145268,0,-22.811496326687312,-6.817518979721669,-46.55572099381993,1],[0.837126934089121,0.12418907354032926,-0.5327245229145676,0,0.09224802803601803,0.9278873656948275,0.3612716288259271,0,0.5391739173746857,-0.3515730108518356,0.7653031006075143,0,-22.97988650859841,-7.081898519739312,-46.81216037752358,1],[0.8249776153415811,0.1385727370627566,-0.5479134085668341,0,0.08557385414320903,0.9276701390121274,0.36346226249913055,0,0.5586499336607451,-0.3467350992101126,0.7534488655938869,0,-23.027875784830496,-7.197797159627456,-47.18392985048956,1],[0.8157414159593536,0.1487902787820985,-0.5589530791050168,0,0.08235332905891019,0.9266282492523548,0.36685025870727134,0,0.5725241456717909,-0.3452866563854987,0.7436347606198028,0,-23.343277363758144,-7.1076372884945584,-47.644545762410026,1],[0.8095574331427843,0.15350829492652232,-0.5666141280060395,0,0.08321614345753903,0.9254501607757706,0.3696211529967068,0,0.5811122590339294,-0.3463793284185087,0.7364301068480262,0,-24.010253282267964,-6.895635681628221,-47.99418518219286,1],[0.8065467084148922,0.1532691643420159,-0.5709565379490948,0,0.08497448491941137,0.9257206872941328,0.3685392712079982,0,0.5850313928617595,-0.3457604831921801,0.7336125749120854,0,-24.699473730130062,-6.724191528132522,-47.86183337522773,1],[0.8043961010263772,0.15101786435358436,-0.574579894747168,0,0.08572623519393548,0.9275254239430295,0.3637969943569927,0,0.5878764671778558,-0.3418921610298458,0.7331506559931737,0,-25.17639587410205,-6.583266435310847,-47.2738845433129,1],[0.8006806531773244,0.15030350529675499,-0.5799289592298691,0,0.08405072487798425,0.9302605783020675,0.35714597135733256,0,0.5931652002054985,-0.3347017733018096,0.7322079317543868,0,-25.271399817027064,-6.401389329894144,-46.471097668503695,1],[0.794796874364512,0.15322495287776275,-0.5872144324917951,0,0.0786526024934936,0.9334338104558453,0.3500216448999438,0,0.6017584575471269,-0.3243817528242007,0.7298375363774136,0,-24.846778560663793,-6.1421815413216905,-45.67145978030929,1],[0.78843455829296,0.15968319444825238,-0.5940311344907754,0,0.06870423700815666,0.9368133461334301,0.34301644074955556,0,0.6112706360555544,-0.3112575782305204,0.7276448409934978,0,-23.83375242987098,-5.82002069910186,-44.9925182739162,1],[0.786440092562532,0.16576167031951833,-0.5950094912844667,0,0.055428882028964566,0.9404901435305695,0.3352696396521441,0,0.6151752977235283,-0.2966496108919203,0.7304504877174411,0,-22.392421065797357,-5.496933864673082,-44.31603570427346,1],[0.7909964387485571,0.16801805562853758,-0.5882988663537334,0,0.04239868178225755,0.94418812167116,0.32666750731771976,0,0.6103507356041876,-0.28333516524693386,0.7397244791623191,0,-20.92668998592877,-5.172187625204188,-43.555835720117585,1],[0.8004180761361391,0.166792842607586,-0.5757709600842202,0,0.030801485780883233,0.9477971424319699,0.31738236086389765,0,0.5986518432326802,-0.2717734071323971,0.7534960030180994,0,-19.562106534759597,-4.8645249518253735,-42.72748600180984,1],[0.8118108601823549,0.16393019735936826,-0.560437655721337,0,0.020068125248881206,0.9513838194860644,0.3073544702681686,0,0.5835763791754937,-0.26076041039503817,0.7690531609158393,0,-18.22640848905852,-4.614685695764692,-41.85009478878816,1],[0.8223213315140714,0.16198958046757855,-0.5454772603211505,0,0.008403558007650741,0.9550605292263973,0.29629220722395005,0,0.5689604830523695,-0.24823166583545064,0.7840057178281239,0,-16.714016208892676,-4.467606776921613,-40.9274806089649,1],[0.8317288672644296,0.1613281189879715,-0.5312261883101076,0,-0.004371139660424451,0.9587222170921518,0.28431351868638366,0,0.5551667209421379,-0.23414838587133183,0.7981013582350833,0,-15.018329974698787,-4.4257420799337694,-39.9565340278132,1],[0.841227153954094,0.15930854961080504,-0.5166788159691904,0,-0.014852861593634577,0.962055419171546,0.2724501808095718,0,0.5404766046391657,-0.22151820359518082,0.8116738881013751,0,-13.56590271864754,-4.398742536220965,-38.946716673778326,1],[0.850725686628436,0.1544075023323513,-0.5024181750747221,0,-0.021108099230139794,0.9651411432944801,0.26087616263235924,0,0.5251857427483697,-0.21132854247084024,0.8243301759196955,0,-12.594614974876247,-4.37596972874087,-37.87429162491437,1],[0.8596687149542649,0.14670834913319475,-0.48933038340264806,0,-0.023456501701088824,0.9682012799435111,0.24907219892268267,0,0.5103123566410425,-0.2026411108448358,0.8357744884002998,0,-12.072247811045173,-4.390345864011735,-36.68558905763244,1],[0.8673871497406876,0.1379469479425602,-0.4781321677359141,0,-0.02438577703748831,0.9714385177290424,0.23603462380020135,0,0.497037281337081,-0.19307337706834676,0.845976927704985,0,-11.70942110176153,-4.493037370160508,-35.311566349955726,1],[0.8741601825361577,0.1305055758136333,-0.4677747858150052,0,-0.026983353390277312,0.9747805108913427,0.22153135631553525,0,0.48488942528495843,-0.18103067423824895,0.8556348641331805,0,-11.153177829579603,-4.681739937084913,-33.76545744573697,1],[0.8811047780782619,0.12489988887254824,-0.45613064128168485,0,-0.031201633716440493,0.9777463328891356,0.20745997151365442,0,0.4718920624241941,-0.16856153541596477,0.8653929632100599,0,-10.398710055616613,-4.883917001136055,-32.274985759348276,1],[0.8887483633192068,0.1208104666622507,-0.4421897363203154,0,-0.03574442891979222,0.9799726696388543,0.19589588396938196,0,0.45700067065310623,-0.15829528471308632,0.8752681498091537,0,-9.568177945631739,-5.051665094133753,-31.07818962186132,1],[0.8970150196532812,0.11780953069854468,-0.4260086401228029,0,-0.03959703208864283,0.9813682822174425,0.18801611392200698,0,0.44022134525374423,-0.15178415624065036,0.884967574048903,0,-8.762378086578716,-5.17244373090152,-30.30186455786697,1],[0.9053284162398558,0.1155035706822359,-0.4087050880148705,0,-0.04233048606734727,0.9820577102881418,0.18377238376420263,0,0.4225989640296252,-0.14907293318696963,0.8939737691512185,0,-8.038499309342631,-5.257749369989426,-29.92333969794528,1],[0.9127849595293721,0.11334999050179745,-0.39239656353709845,0,-0.043960547845728476,0.9824035291153664,0.18152375125482145,0,0.4060675565196832,-0.14844294637161265,0.9017065433349416,0,-7.471116744159334,-5.317690844589507,-29.716266748043502,1],[0.9188581392140034,0.10989606985341271,-0.3789758985548313,0,-0.043514441050334626,0.9827970251899203,0.1794895428998429,0,0.3921817845075818,-0.1484352359089899,0.9078330494908359,0,-7.250984744771942,-5.3663214923246585,-29.447926251869397,1],[0.9235031843128426,0.10416263831635102,-0.36917794083063127,0,-0.040071608684904114,0.9833572695398074,0.17721494859082967,0,0.38149172071289056,-0.14886406636730667,0.9123069979731516,0,-7.463825292795829,-5.451123213933471,-29.08432827623013,1],[0.9270070695904666,0.09595755849176306,-0.3625612301793343,0,-0.03357520025067644,0.9840663982937112,0.1746060436075232,0,0.3735384824906016,-0.14968766659993712,0.9154569869476129,0,-8.056131845281229,-5.607207479384286,-28.638938276720516,1],[0.9299691311905437,0.08581922126705062,-