// Copyright (c) Venzio 2013 All Rights Reserved

define([
    'client/Mesh'
  ],
  function(Mesh) {
    return Mesh.extend({
      constructor: function() {
        this.base();

        this.time = 0;
        this.normalMatrix = mat4.create();
        mat4.identity(this.normalMatrix);
      },

      initialize: function() {
        Mesh.prototype.initialize.bind(this)();

        this.setUniform('NormalMatrix', this.normalMatrix);
        this.setUniform('BoneMatrices', this.getBoneMatrices());
      },

      update: function(tslf) {
        this.time += tslf * 30;
        this.setUniform('BoneMatrices', this.getBoneMatrices());
      },

      getBoneMatrices: function() {
        var anim_matrices = [[[1.0000001000719998,2.8477500000007386e-7,5.400699999917022e-7,0,1.5868999999994748e-7,0.999999879505,-4.152500000104142e-8,0,-4.5474600001613435e-7,9.532909999963868e-7,1.0000000731779999,0,-0.0011387518279999953,0.05435729827100033,2.091993288406,1],[1.0000001000719998,2.8477500000007386e-7,5.400699999917022e-7,0,1.5868999999994748e-7,0.999999879505,-4.152500000104142e-8,0,-4.5474600001613435e-7,9.532909999963868e-7,1.0000000731779999,0,-0.0011387518279999953,0.05435729827100033,2.091993288406,1],[1.0000001230339999,-0.00006232220599999968,5.182029999788846e-7,0,0.00006219049000000037,0.9999994563500001,0.00004296951500000132,0,-2.208920000143467e-7,-0.00004315102599999898,0.9999998502769999,0,-0.012653911658000006,0.05354667684200365,2.093329466439,1],[0.9999995708299999,-0.00037505363900000024,-0.00003465518399998819,0,0.00037531614999999994,1.000000140175,0.00027096254000000264,0,0.00003510616000000626,-0.00027081894900000264,0.9999997964080001,0,-0.08866136022999999,0.04915285453299134,2.117617421824,1],[0.9999997039529999,-0.0010384137940000003,-0.00019044016500001628,0,0.0010379723750000003,0.99999874402,0.0007847259149999994,0,0.0001900404610000109,-0.0007846796600000025,0.999999384321,0,-0.262981101735,0.03883007352200707,2.177990610639,1],[0.9999978484459999,-0.0020163661659999997,-0.0005110474650000037,0,0.0020173965,0.999997039435,0.0015951413650000003,0,0.0005090056280000085,-0.0015963620779999993,0.999998620679,0,-0.533534765118,0.018242213266020713,2.270681580215,1],[0.999993916144,-0.003220227518,-0.0010810740120000036,0,0.00322284568,0.999991056495,0.0027099210999999984,0,0.00107301232799999,-0.002713450652000002,0.999995534966,0,-0.8948263637760001,-0.015460713625998324,2.3951482690400003,1],[0.999988110061,-0.004543411787,-0.002005118743999992,0,0.0045512368000000004,0.999980823655,0.004136748874999999,0,0.0019865154809999845,-0.004145401149,0.9999891152300001,0,-1.3400756811070003,-0.06763834031100657,2.5498809341960005,1],[0.9999773252719999,-0.005909889029999999,-0.003353725661000002,0,0.005929535175,0.99996545514,0.0058753685949999995,0,0.0033202631899999988,-0.005895628829999999,0.999977244957,0,-1.866046873548,-0.14511344819800343,2.7328403786390005,1],[0.9999605027609999,-0.007190096099,-0.005252962405999996,0,0.00723215074,0.9999422936250001,0.007927295715000001,0,0.005196566590999999,-0.007964710247,0.999955164262,0,-2.4633042281549997,-0.25555702356300003,2.9410162840900003,1],[0.9999358967399999,-0.008152792283,-0.007916535151999995,0,0.0082341526,0.9999130216250001,0.01028673552,0,0.007833125119999989,-0.010351262005,0.99991586572,0,-3.11151317954,-0.40847362058300973,3.1692730387840005,1],[0.999896638426,-0.008638796519999999,-0.01146688228,0,0.008786988459999999,0.9998774931950001,0.012941095315000001,0,0.011354482080000006,-0.013040745337999999,0.999850615972,0,-3.799277233746,-0.6139153835000144,3.412172327496,1],[0.999835738106,-0.008509241567,-0.016000750621000003,0,0.00876349956,0.99983573312,0.015873727115,0,0.015863471281999993,-0.016010601535000002,0.9997462659090001,0,-4.517703592582,-0.8826168583110103,3.664782814239,1],[0.999734552384,-0.007421294263999999,-0.021816748181000014,0,0.00783732962,0.9997876202399999,0.019062159765,0,0.021671815356000004,-0.019228128223999996,0.999580492153,0,-5.235175417848,-1.2271638979600112,3.917883087487,1],[0.999564130627,-0.005169765145,-0.029079526723999993,0,0.00582430717,0.999730233795,0.022480094460000002,0,0.02895549363900001,-0.022639998373,0.9993239658520001,0,-5.936456568109,-1.658284141265014,4.162248687548,1],[0.9992800762059999,-0.0016215160559999997,-0.037901183887999984,0,0.0026119791549999993,0.99965582578,0.026100175890000004,0,0.03784572063599998,-0.026179644622,0.998940220384,0,-6.615069289958,-2.1860953815960187,4.389114600832,1],[0.9988119542539999,0.003583542495999999,-0.04860294955900002,0,-0.0021311546249999994,0.99955081768,0.029899851205,0,0.04868960516599999,-0.029761391778,0.998370956755,0,-7.239850730394,-2.8223586368759896,4.582549698005001,1],[0.9980605272659999,0.010608265811,-0.06134076353400001,0,-0.008541427355,0.9993898634799999,0.033861593985,0,0.061663630004,-0.033271830161,0.9975425161379998,0,-7.80209523169,-3.5714937670369835,4.732198610729999,1],[0.9968908994589999,0.019634408302,-0.07631075484199999,0,-0.016771969819999996,0.9991381903150001,0.03797719084,0,0.07699047669900001,-0.036579030954,0.996360792354,0,-8.287203388868999,-4.438729500714004,4.825572233758001,1],[0.9951103795109999,0.030921434555999994,-0.09381034169099998,0,-0.027050064575,0.998740200885,0.04226105282,0,0.095000135639,-0.039516882372,0.994692722293,0,-8.674555088041,-5.424619071180004,4.844819483261001,1],[0.992485467816,0.044472574738,-0.11399662528099999,0,-0.039356534809999996,0.99813115926,0.046737302375,0,0.11586273957200001,-0.041898890906,0.992381142497,0,-8.949686809728,-6.516617911206012,4.755776773083,1],[0.988749960559,0.060178699697,-0.13693828586899998,0,-0.053557726685,0.997233744155,0.05153347919000001,0,0.13966090298700004,-0.043618650536999995,0.989238154949,0,-9.311776506265002,-7.692995214283002,4.788187769591,1],[0.984934686658,0.07243801537799999,-0.157023802779,0,-0.063168560885,0.99599632322,0.0632474583,0,0.160977369798,-0.052375707464,0.985567743213,0,-10.598420702733998,-9.066953824793998,4.458777163117,1],[0.9834130861189998,0.073247714918,-0.16593410234999997,0,-0.05893694615999999,0.994233085105,0.089587993425,0,0.17154027148700002,-0.07832209428199999,0.9820589400359999,0,-13.141007433185003,-10.773464520562001,2.1830752858619986,1],[0.9821923513759998,0.073561852926,-0.172876475139,0,-0.053666230035,0.9916724987200001,0.11706579135499999,0,0.180049586108,-0.105703852282,0.9779615973670001,0,-15.714051791375999,-12.33872682784201,-0.3002062962310017,1],[0.9816769122999999,0.07442601218,-0.17542025612200005,0,-0.049509763305,0.9885764572000001,0.142358920745,0,0.18401217833199998,-0.13106459496200001,0.974146450392,0,-17.89498186094,-13.42180146478401,-2.7490722394620004,1],[0.981554330048,0.076982248988,-0.17499700249000003,0,-0.04784869613,0.9851348698700001,0.16498516099000002,0,0.18509750673399997,-0.153568893546,0.970647157324,0,-19.326025934908003,-13.634381049528017,-5.22657529007,1],[0.981332749997,0.082611310249,-0.17367143798999998,0,-0.04972879753,0.981327980715,0.18580130542,0,0.18577816643099998,-0.17369647438100003,0.967117119092,0,-19.759875623615,-12.66604112729101,-7.91244050473,1],[0.98093562619,0.090970569365,-0.17172620015899998,0,-0.05426131554,0.976735965215,0.20746435371,0,0.186605197762,-0.19419116525100003,0.9630517083910001,0,-19.587135919498,-11.468939168635018,-10.748709318259001,1],[0.981271744795,0.097108821656,-0.16635899377199997,0,-0.05831340762,0.972859880235,0.223925095715,0,0.183590054203,-0.210031262302,0.9603030709060001,0,-19.278654741885,-10.442993900260007,-13.072212703967999,1],[0.982481441988,0.098810990304,-0.15801114136099997,0,-0.060769986559999996,0.97138785471,0.22959460309000002,0,0.17617642097,-0.215969341284,0.960374117091,0,-19.0257080582,-9.853182330856015,-14.278582628257,1],[0.98414912881,0.096221878219,-0.148970560692,0,-0.061013953345000004,0.97243993365,0.22502931060000003,0,0.16651847975599998,-0.212372860055,0.9628964720040002,0,-18.915174254194,-9.711490277801019,-14.438694472964004,1],[0.986037356852,0.090992247639,-0.139463648604,0,-0.05962164650999999,0.97489671459,0.21452647343,0,0.155483307278,-0.203215730229,0.966709945558,0,-18.909498088960003,-9.858100872696994,-14.015607031904,1],[0.9880882400700001,0.084770552697,-0.12843891040000002,0,-0.057599959310000004,0.9776617710700001,0.202137694245,0,0.142706316026,-0.192331564537,0.970897840178,0,-18.951473452545997,-10.134298760171006,-13.420913108507998,1],[0.9901456441300001,0.078102553885,-0.11624344491000001,0,-0.05484525969,0.98000071362,0.19128578088499998,0,0.12885928303,-0.18302588443100004,0.9746263241500001,0,-19.098935445542,-10.457252315090983,-12.997220023181999,1],[0.9920526107869999,0.07054696474599999,-0.10418662356800001,0,-0.050324483135,0.9813861084,0.18533396752999998,0,0.115322290675,-0.178617805928,0.97713659603,0,-19.506320240381,-10.751886571409997,-13.087482203564,1],[0.9937571777090001,0.06183908486800001,-0.09285461794400002,0,-0.043738492785,0.9816429096500001,0.185642269715,0,0.102630675317,-0.18042232263400002,0.978220102976,0,-20.262296696035,-10.955253049440003,-13.821949403360001,1],[0.995209834592,0.052519271806999994,-0.082454805164,0,-0.036066582405,0.9811906894650001,0.18964145661,0,0.090863546564,-0.185759233795,0.9783848321020001,0,-21.309638855903998,-11.065406321421008,-14.921784333072,1],[0.99632026512,0.043600895407000004,-0.07378972537000002,0,-0.028618753795,0.98076294058,0.193093414335,0,0.08078998509400002,-0.19027175960700002,0.978401727266,0,-22.517320643268,-11.156817548172995,-15.95003187225,1],[0.9970436006419999,0.035812225823,-0.06798375671199999,0,-0.021936456945,0.98058935236,0.19484134804000003,0,0.07364216613199999,-0.19277439066500002,0.978475538956,0,-23.79081685753,-11.298658669609011,-16.804954339248,1],[0.9973703320449999,0.029063942596,-0.066384938725,0,-0.015378870620000002,0.980075133505,0.19803205618500003,0,0.070818030561,-0.196491195834,0.9779449046930001,0,-25.140556648419,-11.474460923128007,-17.817751622121,1],[0.9971686148129999,0.02314258754,-0.07154343016600001,0,-0.007943430295,0.978556382055,0.20582296376499998,0,0.07477264968099999,-0.204672292978,0.975970599784,0,-26.642846143611,-11.607115719112002,-19.278675697786,1],[0.996090730097,0.019338358237000003,-0.08619933597700002,0,-0.00022304345999999906,0.9762927982,0.21645171134500002,0,0.08834154196700003,-0.215587061385,0.9724809153730001,0,-28.227708399747,-11.698537990063002,-20.967011255525,1],[0.993748825852,0.019530750579,-0.109922811299,0,0.00561075373,0.974597672905,0.223890087565,0,0.11150425830600003,-0.223107597097,0.9683951848050002,0,-29.647722598831997,-11.865837380661006,-22.260325461027,1],[0.9902094324839998,0.024006742816,-0.137510410984,0,0.0075073630450000015,0.974516280745,0.22419256527500003,0,0.13938939926,-0.223029866724,0.96479427207,0,-30.6448388509,-12.201254618815994,-22.783399181644,1],[0.986160571225,0.030835209658,-0.16289858402099996,0,0.00588318023,0.9754255884299999,0.220248067685,0,0.16568723472500005,-0.21815814486800003,0.9617453398810001,0,-31.200259165431,-12.601203787033995,-22.849301535521,1],[0.982305017317,0.03828000636000001,-0.183335645226,0,0.0028093935249999995,0.975768602045,0.21878876521500001,0,0.18726899751299997,-0.21543260712200002,0.9583937481060001,0,-31.523001162226997,-12.810002689708014,-23.128974666842,1],[0.978997044657,0.045236769353,-0.19879159134799998,0,0.00019539000499999883,0.974863299325,0.222801761635,0,0.203874419137,-0.21816117681500002,0.9543797042159999,0,-31.813798676095004,-12.73199980872701,-23.916722913828004,1],[0.976553543943,0.050469273569999994,-0.20927500843199998,0,-0.0012382178049999987,0.973431399925,0.22897507932,0,0.21527185581699998,-0.22334716332400004,0.950670302412,0,-32.159252239037,-12.492147748137995,-24.878100515272003,1],[0.9750586560689999,0.05321444747600001,-0.21547204548999996,0,-0.001676719364999999,0.972571131265,0.232601127955,0,0.221939846145,-0.22643872116200003,0.94840338436,0,-32.568895064243,-12.16884835117601,-25.470913024446002,1],[0.973791933994,0.05387328373300001,-0.22097072405300003,0,-0.0011272190749999998,0.9726740198200001,0.232170795345,0,0.227441400204,-0.225837855711,0.947242443925,0,-33.015854491938,-11.804602147403017,-25.531475197177,1],[0.9715490011370002,0.055173638703999994,-0.230323863786,0,-0.0010643166850000003,0.9734938953500001,0.22870813482000002,0,0.23683830129300001,-0.22195601426800002,0.94585592793,0,-33.29763495933501,-11.377931357831997,-25.20717350621,1],[0.967947371964,0.059921422926,-0.24389990596399996,0,-0.004263264215000001,0.9749020855,0.222593801135,0,0.25111697488400003,-0.214419537832,0.9439092409640001,0,-33.083938483900006,-10.903141385957994,-24.612009670627998,1],[0.964289420444,0.067823989418,-0.25601954472700006,0,-0.01207044479,0.976903814075,0.21333601567000002,0,0.264576025564,-0.202626885624,0.942837348199,0,-32.235792984019994,-10.424838082730005,-23.739097079963003,1],[0.9628671704480001,0.075663441157,-0.259157277913,0,-0.022658687230000002,0.979186282095,0.20169579252499997,0,0.269025233004,-0.188334098999,0.944539731561,0,-30.992786769048,-9.949045481314997,-22.649961055661,1],[0.964879624421,0.080551711332,-0.25003779547200006,0,-0.032710388215,0.981259027865,0.18989391974,0,0.260648352891,-0.17504542798400002,0.94943258941,0,-29.762697214919,-9.443259726204005,-21.53353641994,1],[0.969268280235,0.08174545458699999,-0.232028190936,0,-0.040036658515,0.983019802565,0.17907791302,0,0.24272745595300002,-0.16428428827300004,0.9560825659100001,0,-28.790939598001003,-8.922436239917005,-20.500580903939998,1],[0.974042831684,0.08029232299900001,-0.211643111921,0,-0.044680810865,0.984779470235,0.16796645210000002,0,0.22190954602600002,-0.15414995359300002,0.962805411089,0,-28.040895316815995,-8.46704904840901,-19.444304010493003,1],[0.978142014083,0.077708278807,-0.19287010502899996,0,-0.047836324794999996,0.98676119952,0.15496524348500001,0,0.202359787005,-0.14235190240700002,0.968910210761,0,-27.363671464993004,-8.137529688341004,-18.214909072369,1],[0.98161443541,0.07484684223799999,-0.17558828893699996,0,-0.05017290784,0.9887409728000001,0.140973755615,0,0.18416393443399995,-0.129571621902,0.974318160419,0,-26.720340118173997,-7.898593406585988,-16.884106253937,1],[0.9847037040550001,0.07165485874000001,-0.158821629402,0,-0.05129149858,0.9903430441100001,0.12880130572,0,0.16651768002499998,-0.118685140456,0.978869201426,0,-26.220138149268998,-7.665471797764013,-15.703020328194,1],[0.98733855888,0.067455801198,-0.143571518218,0,-0.05032121474,0.9915218671000001,0.11979897356,0,0.150435458942,-0.111057188014,0.9823626135300001,0,-26.002185774508003,-7.392676233610004,-14.77906426333,1],[0.9894047483499999,0.061290038038,-0.131611327999,0,-0.04655176919000001,0.9925858880400001,0.1122736554,0,0.137517510096,-0.104957885222,0.9849223500050001,0,-26.131214518390003,-7.157590266754013,-13.949907014639,1],[0.991033094824,0.053667434521,-0.12236770247699999,0,-0.041002970990000005,0.9937565141300001,0.103760042495,0,0.12717201199199998,-0.09781296476500001,0.987046165249,0,-26.467151454344,-7.01548134611501,-12.979687239753,1],[0.99253713505,0.046196197434,-0.112855986813,0,-0.035661607580000004,0.9949670543400001,0.09364405035000001,0,0.11661445305,-0.088920900474,0.989188498749,0,-26.776045773573998,-6.9574398777420186,-11.824508467624998,1],[0.9941560357479999,0.040075807071999994,-0.10023820137999999,0,-0.03173488234500001,0.99600477019,0.083468209195,0,0.10318303547200001,-0.079799612544,0.991455939982,0,-26.914201749483997,-6.937089052624017,-10.66209562472,1],[0.9958587526369999,0.035018014131,-0.083895315475,0,-0.028692033314999997,0.99673618581,0.07545048907,0,0.086264508077,-0.07273099089900001,0.9936137238790002,0,-26.917306098131,-6.927354162968996,-9.735056833870999,1],[0.99741509253,0.029978284802000002,-0.065297816034,0,-0.025325095305,0.99715751754,0.07096023689,0,0.067240132446,-0.06912325099,0.9953397787900001,0,-26.901268219982,-6.930068782606014,-9.184074874482,1],[0.998597696024,0.025121699675,-0.046607853076000016,0,-0.02183155019,0.997322738935,0.06979177564,0,0.048236750715999976,-0.06867649063100001,0.9964722074560001,0,-26.871103804256,-6.947530090369,-8.975123621052001,1],[0.999308603589,0.022383361720999997,-0.029707241458000008,0,-0.020245256115,0.9973120287949999,0.07042505268,0,0.031204911999000006,-0.06977453588100001,0.9970743117080001,0,-26.682513309615,-6.958876747635017,-8.934045810478,1],[0.9996088738850001,0.022968309408999996,-0.01597258918800001,0,-0.021774297465000002,0.997220346885,0.071254803805,0,0.017565396748999998,-0.07087875961699999,0.99733012088,0,-26.274990046019003,-6.954748124827006,-8.885922351764,1],[0.999681072998,0.024488023148999997,-0.006175505490999994,0,-0.02398116226,0.99712488599,0.07188509669000001,0,0.007919136978000002,-0.07171374071900001,0.997394033433,0,-25.909801662434,-6.965337152947015,-8.792282469923,1],[0.999739095972,0.022824412881999996,0.0002212383690000006,0,-0.022779834780000004,0.99707396808,0.07297362170999999,0,0.001445729472000008,-0.072959331812,0.997334238933,0,-25.958470544308,-7.051919477858007,-8.723669582207002,1],[0.9998406501019999,0.016943867842999998,0.005681624833999987,0,-0.01732088244,0.997059333865,0.07464849685,0,-0.004399823914000002,-0.074735006405,0.9971937575800001,0,-26.453544306298,-7.209109617004984,-8.669876309506,1],[0.999858082286,0.009295994493999999,0.014080242062000009,0,-0.010337029250000001,0.99707036053,0.075790505255,0,-0.013334570377999995,-0.075925836,0.997024431612,0,-27.07953967149,-7.368481530902002,-8.46828974039,1],[0.999564106438,0.00208004209,0.02944188766599999,0,-0.004295693495,0.9971446729250001,0.07539639777,0,-0.029200024541999995,-0.075490202806,0.9967193153620001,0,-27.561122068042,-7.479457399181996,-7.967832834574001,1],[0.9984764697170001,-0.005294950684999999,0.054918819315000006,0,0.0012203752749999999,0.99726072237,0.073958110975,0,-0.05515937557100001,-0.073777610303,0.9957479074310001,0,-27.917604292794998,-7.568634777105004,-7.199237017093,1],[0.995591995478,-0.013261615433000001,0.09284754820199999,0,0.006538013305000001,0.997358432165,0.072344434245,0,-0.093561159128,-0.071418379087,0.9930488720220001,0,-28.154767155734,-7.692571457485016,-6.257670799558,1],[0.989191815479,-0.01933973681,0.145344032688,0,0.009342097895,0.997562412135,0.06915266311000001,0,-0.146326646301,-0.06704711861,0.986961936242,0,-27.997641850897,-7.884029385602005,-4.99867607778,1],[0.976463820604,-0.020619624301999998,0.214695035727,0,0.007804021794999999,0.99814576759,0.06037280416,0,-0.215541069492,-0.057277114392000006,0.974813086763,0,-27.213345696283998,-8.201652336394005,-2.978052267489,1],[0.9530750284989999,-0.016440811745,0.302287011743,0,0.003540698214999999,0.99906081363,0.043173996815000004,0,-0.30271222799700004,-0.040077964643,0.952238896485,0,-25.960072944573003,-8.587591772116994,0.10378774043500005,1],[0.913844356625,-0.009288819852999999,0.405958206166,0,0.0011109339649999998,0.9997914130500001,0.02037652238,0,-0.406061797557,-0.018169422211000003,0.9136652682980001,0,-24.701907377987002,-9.146596599225006,3.875823267006,1],[0.8554602884989999,-0.0029762226609999997,0.5178599197479999,0,0.0033616796699999976,0.99999417664,0.00019420148000000304,0,-0.5178563959210001,0.0015748696930000007,0.8554659428300001,0,-23.766285390796998,-9.98149967931299,7.503235542592,1],[0.7804567943070001,0.0013297414069999998,0.6252086159179999,0,0.006460296854999999,0.9999271014650001,-0.010189710915,0,-0.625176378297,0.011991390003,0.78039082571,0,-22.848289005332997,-11.13400435322501,10.190821934166,1],[0.6995080475329999,0.0004442619160000003,0.714624260959,0,0.0072106073249999965,0.999944113785,-0.007678892199999999,0,-0.7145872648930001,0.010524751546000001,0.699466258091,0,-21.620926966303,-12.529380036664008,11.571536950351,1],[0.6293082647789999,-0.013464206444,0.777039368583,0,0.01046294942,0.99990587449,0.00885177733,0,-0.7770852423169999,0.0025594223400000025,0.6293900417330001,0,-20.681306618908998,-14.100980386812012,11.817460944562999,1],[0.5845483758360001,-0.035637364969999995,0.810575914617,0,0.01847517799,0.999360867225,0.03061400136,0,-0.8111479329160001,-0.002919721016,0.584833657071,0,-20.195246122644,-15.602239550421999,11.380460876276999,1],[0.5676349824200001,-0.05863429825,0.8211899606940001,0,0.028850129945,0.998264899665,0.051335870305,0,-0.8227741792679999,-0.005448466887999999,0.5683422790160001,0,-20.02221641482,-16.736139150614008,10.71615804225,1],[0.551357841617,-0.058634902949,0.832205752795,0,0.027837118315,0.998265013485,0.051891861054999995,0,-0.8338044079610001,-0.005444389955,0.5520334456710001,0,-18.718742065163,-16.736157132121008,11.972496325491,1],[0.5525254380099999,-0.075735840753,0.830047874929,0,0.029757920469999997,0.997020139955,0.07116381682,0,-0.8329647030840001,-0.014619979493,0.553133436537,0,-17.853503711242002,-17.29802651970502,10.986819193369001,1],[0.5607304398999999,-0.086490604578,0.8234692194719999,0,0.017314463744999998,0.99553627082,0.09277294801,0,-0.82781698751,-0.037762749404,0.5597249899880001,0,-15.676881871384,-17.182028421230015,9.279012009336002,1],[0.5721809479339999,-0.09459544769199998,0.8146536679599999,0,-0.003386122115000001,0.993045059185,0.11768750402999999,0,-0.8201199560720001,-0.07009721652800001,0.5678809846480001,0,-12.789365905661999,-16.47488629934,6.855463291240001,1],[0.5874053208319999,-0.10203461160200002,0.8028351268159999,0,-0.020790675005000002,0.9897898771450001,0.14100708841,0,-0.8090255411900001,-0.09951883416599999,0.5792863898080001,0,-10.349619335452,-15.474740083938002,4.379435720560002,1],[0.6043852747070001,-0.107646669677,0.7893859473929999,0,-0.029717121955000002,0.987093822585,0.15736062293,0,-0.796137468885,-0.11856495323300001,0.593386180435,0,-8.876310055677001,-14.537976077765009,2.526924470356999,1],[0.61896186375,-0.111067662968,0.7775285692259999,0,-0.032618104860000004,0.9854614816399999,0.16673533758,0,-0.7847429549580001,-0.128564353408,0.6063412123380001,0,-8.105645644674,-13.829427328232,1.359916506506,1],[0.629476834826,-0.11370541850699999,0.768654923459,0,-0.033193286445000005,0.98439659785,0.17280329911499998,0,-0.77630943847,-0.134289207877,0.615881334557,0,-7.6470511624299995,-13.346845432991017,0.5229423800149995,1],[0.637078264755,-0.116324562661,0.7619709009450001,0,-0.03296904732,0.983529258525,0.17771424630500002,0,-0.770093719473,-0.13833982102300002,0.6227507627530001,0,-7.336518457437,-13.038773150017008,-0.16553597689500066,1],[0.6428648496589999,-0.11775066543199998,0.756875090889,0,-0.032663590485000005,0.983000381775,0.18067350484499997,0,-0.765282409861,-0.140871667616,0.628090741155,0,-7.077768522901,-12.913593175104012,-0.6098814775149997,1],[0.6464050545040001,-0.116215504764,0.7540920836619999,0,-0.033696264675000004,0.98301941993,0.180381581025,0,-0.762248927348,-0.142009987412,0.6315134952700001,0,-6.6783825375119985,-12.958060076604,-0.6688375714180026,1],[0.646956827068,-0.111323363747,0.754356221342,0,-0.03730717721,0.98347954387,0.17713207027,0,-0.761612749956,-0.142739479005,0.6321162975760001,0,-5.955522300692001,-13.13100419023101,-0.3672941147900026,1],[0.6449851375489999,-0.10453088749499999,0.757012641649,0,-0.043111645544999994,0.984045857095,0.17261203194,0,-0.762977161993,-0.143968108471,0.6301885770250001,0,-4.914454088343,-13.409013158471012,0.10388247540099904,1],[0.6414133742170001,-0.09750809815500001,0.760974346876,0,-0.049690080435000006,0.984527529665,0.16803680011,0,-0.765584781425,-0.145593873623,0.62664360876,0,-3.709838514691,-13.756253331139007,0.6347655856840024,1],[0.6363136833249999,-0.090661312644,0.7660849629069999,0,-0.055979749004999996,0.985024909395,0.16306829046500002,0,-0.769396690187,-0.14664793880399998,0.621710467247,0,-2.487904569363001,-14.156896615516004,1.2950164701629987,1],[0.628702599976,-0.08394556438499999,0.773102306686,0,-0.061262220615,0.9857198868300001,0.156852413755,0,-0.7752295497920001,-0.145975885125,0.614582287488,0,-1.3623136452000004,-14.587672922561026,2.2105328271059967,1],[0.617928327215,-0.078152537795,0.7823408140989999,0,-0.064648771805,0.98662766428,0.149623852645,0,-0.783571545131,-0.143034034971,0.604613345871,0,-0.441794752701,-15.049303109403013,3.3438480470670022,1],[0.6048121466299999,-0.074827887055,0.7928453694310001,0,-0.065483585605,0.98753164535,0.14315574825,0,-0.793671625212,-0.138500840919,0.5923713782410001,0,0.21383931656200073,-15.490221930263004,4.489698186443,1],[0.591039784684,-0.07471944863699999,0.8031744247139999,0,-0.06424209374,0.98817724074,0.139205338155,0,-0.804079318716,-0.13387381103700002,0.579252356766,0,0.6712587382999997,-15.809345409749,5.46618841385,1],[0.577784550104,-0.07729102124099999,0.8125215004240001,0,-0.06168175418999999,0.98852384245,0.13789543399,0,-0.813855754402,-0.12979144893699998,0.5663863815600001,0,1.0073419413879998,-15.893988390784997,6.276590847735999,1],[0.5654607338209999,-0.08138389840299999,0.8207497259759999,0,-0.057293030505,0.988840290205,0.137524200055,0,-0.8227827470350001,-0.124787929301,0.55448794502,0,1.137663647917,-15.707670920671006,7.052184569400001,1],[0.563162007471,-0.08706193943699998,0.821746957097,0,-0.048706175435,0.989208273635,0.13818469179,0,-0.824909689201,-0.11784506364500003,0.5528442705829999,0,0.7909336436310004,-15.318659601308994,7.653558300484995,1],[0.5616268453569999,-0.093435127027,0.822098376253,0,-0.03891979073,0.9895202595849999,0.139053068115,0,-0.826474395663,-0.110091535235,0.552104416561,0,0.2546914611969999,-14.788107491619002,8.044023594837,1],[0.5609554071810001,-0.10037407603299998,0.8217382070649999,0,-0.02812958038,0.989737595205,0.140097188705,0,-0.827367509273,-0.10170379072300001,0.5523762785630001,0,-0.4793744951990001,-14.19805079364501,8.162466180164998,1],[0.561325955333,-0.107934836941,0.8205258946639999,0,-0.016418614485,0.989810948775,0.14143567400999998,0,-0.8274312519850001,-0.092863898059,0.55383511208,0,-1.3778747298549998,-13.637177348368994,8.002279351271998,1],[0.5627147462590001,-0.11607051679699999,0.8184616499159999,0,-0.003956340459999999,0.98970341054,0.1430760086,0,-0.8266413583029999,-0.08374930501899999,0.556462588534,0,-2.398574656465,-13.149790801833007,7.687445705943999,1],[0.5651949335580001,-0.124645505697,0.815486220101,0,0.009052914934999996,0.98939711996,0.144954040325,0,-0.824907688754,-0.074544700349,0.5603306913570001,0,-3.507946534242,-12.722960706017005,7.301619968804999,1],[0.568814168333,-0.13326888881899998,0.8115972488529999,0,0.02225500318,0.9889169677699999,0.14678870858999998,0,-0.822164477243,-0.065433910087,0.565476842185,0,-4.6666212740590005,-12.307286944706988,6.9025442909649986,1],[0.5736519853559998,-0.14151540870599996,0.806781691574,0,0.035276068405,0.98831700369,0.14827601902499998,0,-0.818338470874,-0.056598933372000004,0.5719421779820001,0,-5.839287124928,-11.922847545597989,6.503205709677996,1],[0.579806075004,-0.149506005532,0.8009195273379999,0,0.048064035294999995,0.9875848525600001,0.149555594585,0,-0.8133352357420001,-0.048217532288000006,0.579793791164,0,-7.048852874584001,-11.556584239700001,6.110855449694002,1],[0.587328308391,-0.15717833305099999,0.793939605201,0,0.060459903994999994,0.986740780725,0.150621579975,0,-0.807086960105,-0.040463270117,0.5890438578930001,0,-8.301602726953,-11.199802059335013,5.735206744296994,1],[0.5962910271419999,-0.164345855922,0.785765845171,0,0.07223510137,0.9858335838350001,0.15137438561000002,0,-0.799511778178,-0.03350361485600001,0.599715760859,0,-9.584255240617999,-10.858330559005992,5.395458857627002,1],[0.6067596924980001,-0.170773526158,0.7763239721169999,0,0.08313006683999999,0.98492627951,0.15168877756500002,0,-0.7905262626040002,-0.027503160552,0.611810319283,0,-10.854697115218,-10.541684136073997,5.095905666424999,1],[0.618800822956,-0.176234195487,0.7655234305969999,0,0.0928915504,0.984088195945,0.15146242723499997,0,-0.7800362129640002,-0.022614849169,0.6253262793050001,0,-12.065081297172,-10.25825140213901,4.819704838525,1],[0.632478967461,-0.18052102667699996,0.7532478897149999,0,0.10128089393,0.9833878324700001,0.15063376177,0,-0.767926543493,-0.018983574407000003,0.640255709183,0,-13.213066589391,-10.014290225385011,4.560564150386998,1],[0.6478515673990001,-0.183430780655,0.739352700785,0,0.10806197914499999,0.982890088405,0.14916308559000002,0,-0.7540624445390001,-0.016739700920999998,0.656588809625,0,-14.343393065252998,-9.81574732316301,4.351060937736996,1],[0.6649502428099999,-0.184906160189,0.723637631604,0,0.11316393026999999,0.982626982915,0.14709778169999999,0,-0.73826505916,-0.015923944791,0.6743227663140001,0,-15.469309159954001,-9.669097333129017,4.237072457111999,1],[0.6836602326999999,-0.185835942844,0.7057436386870001,0,0.11749098150500001,0.9824484299,0.144882097105,0,-0.7202805976359999,-0.016132169364,0.6934951863630001,0,-16.571494012908,-9.563808092171996,4.202658196967004,1],[0.703698369528,-0.186161293916,0.685676746215,0,0.12106941053999999,0.98236823828,0.142462196855,0,-0.700107152322,-0.017235845259999997,0.7138295801529999,0,-17.478836033763997,-9.510876219932001,4.233208689314997,1],[0.7248007512419999,-0.18560822714400002,0.6634854449190001,0,0.1237049297,0.982436835745,0.13969782555,0,-0.6777615172100001,-0.019176855238,0.7350316790070001,0,-18.106483439358,-9.522088496804017,4.312243398943,1],[0.7467194399979998,-0.183972374354,0.639190701694,0,0.12524586030999998,0.98268765687,0.13652343765,0,-0.6532411571040001,-0.021889763804,0.756833913928,0,-18.521470012502,-9.606564648846003,4.445600086490002,1],[0.769211149607,-0.18114683213799998,0.612780286199,0,0.12560903680000002,0.98313014595,0.132952996265,0,-0.626526854003,-0.025298884246000002,0.778988798637,0,-18.835371431149003,-9.765870897010004,4.661455824635,1],[0.7920404950279999,-0.177042103427,0.5842335196239998,0,0.124726572075,0.9837668923899999,0.12902191127999998,0,-0.597590550214,-0.029321599497,0.801265145902,0,-19.0957097056,-9.982677279038995,4.978380733132001,1],[0.8149417968,-0.171538660486,0.5535740743759999,0,0.12250328063999999,0.9845951140349999,0.124758883635,0,-0.566446673892,-0.033855971356,0.823402477562,0,-19.269215648792,-10.250679147729997,5.374657456508002,1],[0.837661362837,-0.164646564104,0.520782850595,0,0.11894890235000002,0.9855886681300001,0.12027052209999999,0,-0.533079653645,-0.038799743592,0.8451754565949999,0,-19.332842910863,-10.564991515544008,5.825222833515001,1],[0.8599499267969999,-0.156542494784,0.485778218892,0,0.11423853339,0.986689567155,0.115730091635,0,-0.49742882159699997,-0.044028371294,0.866387100994,0,-19.312743930695,-10.894982040108005,6.341565112567999,1],[0.881529306666,-0.147328603407,0.44855366564,0,0.108500495505,0.987853956525,0.11123009286,0,-0.45949266253800003,-0.049384819557,0.8868072212420001,0,-19.241377348966,-11.215693374211,6.9520431029320005,1],[0.902125426525,-0.13686322269400003,0.40919315919099997,0,0.10164631948500001,0.989079445115,0.106723655865,0,-0.419330207219,-0.054684896364,0.906185656375,0,-19.138463709555,-11.53157498517001,7.644809487543,1],[0.9214641592830001,-0.125147420358,0.367752111816,0,0.09370485865,0.9903385096499999,0.10222331367,0,-0.376990769437,-0.059734709136,0.9242884269180001,0,-19.043741739381,-11.832205629249998,8.318763798507998,1],[0.939244409442,-0.11235738599499999,0.324337497837,0,0.084855969415,0.991583919505,0.097774557475,0,-0.332593689904,-0.064312563341,0.9408745452649999,0,-18.982385223793997,-12.081767315463011,8.858723835556999,1],[0.955159297582,-0.098625702276,0.27918443159399997,0,0.075220059365,0.992785977815,0.093369786125,0,-0.286378677034,-0.06818244646400001,0.955687946152,0,-18.913278127353998,-12.22998568525199,9.228656944517997,1],[0.969073488039,-0.083249040079,0.232307635351,0,0.06410472217,0.9939851548799999,0.0887877908,0,-0.238301586793,-0.071150169013,0.9685817251850001,0,-18.713618386401002,-12.393511430011003,9.456979377690999,1],[0.981536874852,-0.062202355771,0.18087634222999996,0,0.047708747855000004,0.9953730764750001,0.08340698313,0,-0.18522668546000004,-0.07323826326300001,0.979963046648,0,-18.028348007364002,-12.695073252146997,9.64487119309,1],[0.991804793709,-0.03495451438399999,0.122892239456,0,0.02548119352,0.996640994435,0.077830786185,0,-0.125199462355,-0.074061802678,0.9893634054860001,0,-16.768387034074998,-12.973218909292001,9.711144057676,1],[0.99817611621,-0.003626645535,0.06026682394399999,0,-0.0007858304899999999,0.997328677435,0.07304077008,0,-0.06036997799799999,-0.072955155955,0.995506636928,0,-15.111601903758,-13.173046723927001,9.551157555544,1],[0.999552931862,0.029568026718999996,-0.004430409757999995,0,-0.029187371605,0.99713723556,0.06974764867,0,0.006480331205999991,-0.069587024861,0.9975553179780001,0,-13.327854779410004,-13.295050632865,9.126519682034,1],[0.9956601943579998,0.062551886977,-0.06891073885299998,0,-0.05784465303999999,0.9959862147100002,0.068298480605,0,0.07290718578,-0.064015585239,0.995281946955,0,-11.598043689253998,-13.33684681130299,8.447423022811,1],[0.98702737477,0.09287237462999999,-0.130965345249,0,-0.08442367380999999,0.9940615845,0.06865745305500001,0,0.136565321558,-0.056710119564,0.989006556333,0,-10.117416641782,-13.283464862198016,7.545002878851002,1]],[[1.0000000676695286,-2.9676597710715305e-7,2.0989756857461102e-7,0,2.0400252812068434e-7,1.00000070302732,4.2019740591897614e-7,0,-4.215432179313183e-7,8.380840830976566e-7,1.000000411506561,0,-0.0011419146333824792,0.0543164710206554,2.0919610602469714,1],[1.0000000676695286,-2.9676597710715305e-7,2.0989756857461102e-7,0,2.0400252812068434e-7,1.00000070302732,4.2019740591897614e-7,0,-4.215432179313183e-7,8.380840830976566e-7,1.000000411506561,0,-0.0011419146333824792,0.0543164710206554,2.0919610602469714,1],[1.0000000896605288,-0.00006534210987715373,-0.000020999965864651002,0,0.00006474405126242252,1.0000000144402803,0.00012356901569093165,0,0.000020961491275672735,-0.0001234120295731181,0.9999999241744462,0,-0.01288542204881804,0.05332189294783518,2.0841957204748263,1],[0.9999995405376629,-0.00038379930802627787,-0.00016424988342278503,0,0.0003830044054715996,1.0000002063425537,0.0007680543921013173,0,0.00016425430091630746,-0.0007675566914941735,0.9999993659424391,0,-0.08918740215223869,0.04787081902330215,2.0611834052481304,1],[0.9999996394683932,-0.0010340997594159647,-0.0005551676552422179,0,0.0010338702454030322,0.9999968171090929,0.0022094305078568487,0,0.0005531672172846002,-0.0022094327667325254,0.9999968656258666,0,-0.26154229337537815,0.035292127451995725,2.016206316088763,1],[0.9999976932817809,-0.00193122923414869,-0.0012313436958475183,0,0.0019366733891192569,0.9999891171451283,0.004467398423397259,0,0.0012236666566257527,-0.004469907450775287,0.9999896089974158,0,-0.5224530019558491,0.011505357911218539,1.944487212447386,1],[0.9999926063100562,-0.0029719921068401926,-0.002267805051455572,0,0.0029884394595352,0.9999678347183126,0.007555112435443302,0,0.0022454167308077317,-0.007561478787916232,0.9999685266566078,0,-0.8650644906062854,-0.0257515160559052,1.8448461855056577,1],[0.9999855505997943,-0.0040201541250300035,-0.0037586451153796617,0,0.004061232384775604,0.9999257760667978,0.011485385038895589,0,0.0037120247138258448,-0.01149977842546198,0.9999271003667819,0,-1.2798027078571381,-0.08103656522837355,1.7151754233844534,1],[0.9999712639862209,-0.004960829134736463,-0.005762942690328668,0,0.0050530524524392325,0.9998560380788691,0.016265789961573428,0,0.005682523735667683,-0.016294299541289532,0.999851315299068,0,-1.7601729868652825,-0.16050830404127225,1.552513694125807,1],[0.9999491414024101,-0.005633078856422507,-0.008390699676175834,0,0.005815491478479387,0.9997438641766211,0.02190005494929821,0,0.008265600325829701,-0.021947218507032906,0.9997249547755961,0,-2.294184292834734,-0.2704700958208832,1.3535675403613077,1],[0.9999136202004945,-0.005789520591187698,-0.011835517857191535,0,0.0061225016189308205,0.999578287466092,0.02839082298678118,0,0.011666532012075057,-0.02846038344700375,0.9995265320655852,0,-2.8614081222020853,-0.4189995844743919,1.1122027102378074,1],[0.9998544088376778,-0.005235349069982097,-0.01619772615950514,0,0.0058103970672452685,0.9993452683409585,0.0357277833889257,0,0.016000278116709447,-0.035816714041535594,0.9992306293471338,0,-3.448754415376631,-0.614566724064403,0.8226753917314267,1],[0.9997609780390473,-0.0038014343950394866,-0.021547562080283706,0,0.004743807388508461,0.999025407558461,0.04390168421429939,0,0.021359733641824453,-0.043991770520272463,0.998803345875464,0,-4.046423962508741,-0.8656970627834966,0.4791566659619082,1],[0.9996030102053696,-0.0011475857505870613,-0.028141154255694426,0,0.002634624841206155,0.9985971015364251,0.05289119534936529,0,0.02804095639366697,-0.05294350762500789,0.9982043337755878,0,-4.627185380879169,-1.182511195561787,0.07224408556228434,1],[0.999343480625537,0.002971124234945088,-0.03610759365563278,0,-0.000703631693955294,0.9980338524112365,0.06267415390772278,0,0.03622230572498373,-0.06260819724875509,0.9973806845156915,0,-5.175533216020062,-1.5730339781762979,-0.4078223435822763,1],[0.9989236170839659,0.008760589260984348,-0.04553884718157704,0,-0.005408271733703799,0.9973010905882647,0.0732260996493208,0,0.04605742308847041,-0.072900741695097,0.9962746417736553,0,-5.682105344638186,-2.044292676344625,-0.9701949299779207,1],[0.9982520846056633,0.016600174764105437,-0.05672238267586629,0,-0.011766332697389716,0.9963528723510634,0.08452174913210195,0,0.05791898303072642,-0.08370685171520753,0.994806739254952,0,-6.120719268621905,-2.6042970753060075,-1.6305538202344767,1],[0.9972057001448968,0.02669887399381789,-0.06976823857020838,0,-0.019889386170147516,0.9951300987173655,0.09654130142543074,0,0.07200631883113502,-0.09488255491740309,0.9928806206209461,0,-6.48541895295431,-3.253555009626581,-2.3990602196263815,1],[0.9956210802294918,0.03927605448973782,-0.08483452826396648,0,-0.029885861288998353,0.9935654853631686,0.10925625839440775,0,0.0885793397975454,-0.10624153084389898,0.9903869052868113,0,-6.766580712911916,-3.993459836940275,-3.2859429346987064,1],[0.9932672880799899,0.05460760583822854,-0.10217430734849574,0,-0.041896971750081266,0.991564959296684,0.1226541167289049,0,0.10801136315547911,-0.11754670750836564,0.9871764530886493,0,-6.9532417891019715,-4.820006059908934,-4.306042356880088,1],[0.9898741556018682,0.07276622823628112,-0.1218769620436057,0,-0.055871369236392396,0.9890327051034368,0.13672123412234946,0,0.13048954507782964,-0.12852667595268136,0.9830839324693996,0,-7.034544540196751,-5.716897204883622,-5.489259572515518,1],[0.9851449967494471,0.09363535808794884,-0.14395346645670282,0,-0.07156756199766079,0.9858645066376501,0.15149116250415592,0,0.1561032441995413,-0.13893767817971722,0.9779199632019334,0,-7.221895294944181,-6.658979810299982,-6.595183698072066,1],[0.980101345361715,0.11345218873567492,-0.16287830657022057,0,-0.08469444273496504,0.9811374670194074,0.17377136812387384,0,0.1795211890717677,-0.15651785176914676,0.9712238005867996,0,-8.103458034707442,-7.660737806086232,-8.13293418281605,1],[0.977298293058762,0.12650639366999947,-0.16995542128722674,0,-0.08923549549738663,0.9733254421865394,0.21136344037296015,0,0.19216069812864583,-0.1913981057637434,0.962518370346667,0,-9.643953425724458,-8.705019016692134,-11.700671572934882,1],[0.9749949371817138,0.1390284568764727,-0.17336684813893447,0,-0.09303325563157967,0.9638365511157825,0.24972566802054152,0,0.20181682833186482,-0.22735256459098294,0.9526704223687835,0,-11.183808255022626,-9.507183651894266,-15.435901345812864,1],[0.9739526143252907,0.14946700926448497,-0.1705170312230678,0,-0.09666162381298442,0.9539241970179069,0.28405543378112386,0,0.20511786069365734,-0.26017281813936916,0.9435229193575346,0,-12.482228468990415,-9.83670420129667,-18.92585807675933,1],[0.974005117660627,0.15695434620576332,-0.16333436895558828,0,-0.10000376564845351,0.9449174732790016,0.3116579867897889,0,0.20325397718888558,-0.2872221234277392,0.9360505734040553,0,-13.352883162963087,-9.429697794613